# 顶点数据 (位置 + 颜色)
0 1 0  0.902078 0.228763 0.815972
0.0562009 0.977249 0  0.0464566 0.796524 0.177284
0.109938 0.951953 0  0.605568 0.779223 0.394271
0.16113 0.924291 0  0.504307 0.891767 0.933201
0.209705 0.894445 0  0.316643 0.820831 0.701456
0.255602 0.862598 0  0.369238 0.786237 0.282667
0.298769 0.82893 0  0.787125 0.214253 0.945461
0.339167 0.793622 0  0.361834 0.351552 0.532335
0.376763 0.756853 0  0.948943 0.885647 0.0722086
0.411536 0.7188 0  0.609301 0.521887 0.348852
0.443476 0.67964 0  0.163835 0.570225 0.772337
0.472578 0.639545 0  0.671415 0.464393 0.0507226
0.498848 0.598685 0  0.495145 0.900509 0.859048
0.522302 0.557227 0  0.0217944 0.298961 0.643729
0.542963 0.515334 0  0.148047 0.222787 0.377937
0.560861 0.473165 0  0.991408 0.593673 0.860372
0.576034 0.430874 0  0.276428 0.918747 0.37963
0.58853 0.388611 0  0.437427 0.836894 0.677425
0.598401 0.346522 0  0.474622 0.965 0.758707
0.605706 0.304746 0  0.587216 0.333683 0.207342
0.610512 0.263417 0  0.792538 0.188924 0.242447
0.612891 0.222663 0  0.810879 0.440346 0.897617
0.612919 0.182608 0  0.243841 0.243968 0.362581
0.610681 0.143367 0  0.904907 0.776836 0.284848
0.606264 0.105051 0  0.44155 0.131207 0.202906
0.599759 0.0677626 0  0.239492 0.135144 0.371461
0.591262 0.0315998 0  0.150842 0.201594 0.182717
0.580873 -0.00334745 0  0.922181 0.0937107 0.995447
0.568696 -0.0369957 0  0.476015 0.390419 0.77391
0.554835 -0.0692683 0  0.101291 0.389548 0.13633
0.5394 -0.100096 0  0.291504 0.3115 0.381094
0.5225 -0.129415 0  0.0550446 0.134902 0.305835
0.504248 -0.157171 0  0.163733 0.86003 0.529486
0.484757 -0.183315 0  0.0632245 0.613515 0.352305
0.464143 -0.207805 0  0.190626 0.852108 0.377712
0.442519 -0.230607 0  0.20908 0.0114191 0.920262
0.420001 -0.251692 0  0.840672 0.16825 0.784061
0.396704 -0.27104 0  0.715303 0.0965259 0.310412
0.372743 -0.288637 0  0.0918713 0.0809909 0.214414
0.348232 -0.304475 0  0.654746 0.324107 0.268357
0.323283 -0.318553 0  0.283103 0.114587 0.863015
0.298006 -0.330876 0  0.695182 0.923798 0.275881
0.272512 -0.341457 0  0.727412 0.612008 0.0134093
0.246907 -0.350312 0  0.370062 0.637204 0.492443
0.221297 -0.357466 0  0.48545 0.962028 0.812423
0.195782 -0.362949 0  0.388533 0.0665252 0.0886833
0.170463 -0.366794 0  0.500657 0.548411 0.145913
0.145434 -0.369044 0  0.355092 0.0340601 0.447766
0.120788 -0.369743 0  0.603227 0.437786 0.871588
0.0966134 -0.368942 0  0.782804 0.581617 0.239523
0.0729948 -0.366695 0  0.657993 0.884936 0.119997
0.0500127 -0.363063 0  0.782307 0.230779 0.709583
0.027743 -0.35811 0  0.956342 0.231722 0.551704
0.00625738 -0.351903 0  0.484025 0.0136985 0.231443
-0.0143774 -0.344513 0  0.860461 0.760745 0.849495
-0.0340988 -0.336015 0  0.462616 0.186847 0.340073
-0.05285 -0.326488 0  0.600867 0.768354 0.731743
-0.0705786 -0.316011 0  0.397852 0.703088 0.803691
-0.0872377 -0.304669 0  0.638803 0.35622 0.997118
-0.102786 -0.292545 0  0.562303 0.630746 0.947933
-0.117186 -0.279729 0  0.904821 0.322501 0.275366
-0.130407 -0.266307 0  0.0825531 0.470443 0.731014
-0.142424 -0.252371 0  0.148692 0.0693363 0.335449
-0.153216 -0.238011 0  0.896227 0.894205 0.909167
-0.16277 -0.223318 0  0.374841 0.958269 0.633008
-0.171074 -0.208384 0  0.967683 0.851993 0.439614
-0.178127 -0.193299 0  0.585838 0.176247 0.177543
-0.183931 -0.178154 0  0.960301 0.772226 0.796436
-0.188492 -0.163037 0  0.693412 0.172474 0.76574
-0.191825 -0.148037 0  0.787908 0.368861 0.448999
-0.193948 -0.133237 0  0.321012 0.24519 0.90158
-0.194887 -0.118721 0  0.863078 0.758848 0.961509
-0.194671 -0.104567 0  0.0840096 0.949541 0.94171
-0.193337 -0.0908512 0  0.318505 0.109763 0.783144
-0.190928 -0.0776446 0  0.308367 0.727552 0.962376
-0.18749 -0.0650132 0  0.652718 0.226792 0.692923
-0.183077 -0.0530176 0  0.952579 0.994533 0.118902
-0.17775 -0.0417122 0  0.391004 0.609355 0.428877
-0.171573 -0.0311448 0  0.131583 0.509019 0.0753635
-0.164617 -0.0213556 0  0.634714 0.632559 0.417921
-0.156961 -0.0123776 0  0.00389578 0.476321 0.525527
-0.148685 -0.00423482 0  0.531306 0.665737 0.041957
-0.139879 0.00305685 0  0.171046 0.76347 0.648492
-0.130636 0.00949053 0  0.208909 0.12651 0.250023
-0.121054 0.0150681 0  0.140436 0.308522 0.32161
-0.111236 0.0198002 0  0.293794 0.792365 0.271668
-0.101289 0.0237055 0  0.92653 0.193847 0.979622
-0.0913206 0.0268098 0  0.508173 0.864015 0.504407
-0.0814422 0.0291448 0  0.575963 0.207521 0.803953
-0.0717638 0.0307463 0  0.03597 0.547111 0.29134
-0.0623935 0.0316508 0  0.552423 0.575414 0.977179
-0.0534343 0.0318925 0  0.451995 0.675026 0.168022
-0.0449811 0.0314987 0  0.939209 0.27766 0.625496
-0.0371167 0.0304833 0  0.718752 0.0639151 0.220483
-0.0299062 0.0288397 0  0.652851 0.464155 0.0581082
-0.0233916 0.0265317 0  0.624061 0.600997 0.952897
-0.0175839 0.0234816 0  0.348396 0.489015 0.879811
-0.012454 0.0195567 0  0.991601 0.840646 0.731766
-0.00792231 0.0145522 0  0.790079 0.850879 0.720018
-0.0038452 0.00817116 0  0.348814 0.519091 0.3557
0 0 0  0.250289 0.614897 0.566608

# 索引数据
0 1
1 2
2 3
3 4
4 5
5 6
6 7
7 8
8 9
9 10
10 11
11 12
12 13
13 14
14 15
15 16
16 17
17 18
18 19
19 20
20 21
21 22
22 23
23 24
24 25
25 26
26 27
27 28
28 29
29 30
30 31
31 32
32 33
33 34
34 35
35 36
36 37
37 38
38 39
39 40
40 41
41 42
42 43
43 44
44 45
45 46
46 47
47 48
48 49
49 50
50 51
51 52
52 53
53 54
54 55
55 56
56 57
57 58
58 59
59 60
60 61
61 62
62 63
63 64
64 65
65 66
66 67
67 68
68 69
69 70
70 71
71 72
72 73
73 74
74 75
75 76
76 77
77 78
78 79
79 80
80 81
81 82
82 83
83 84
84 85
85 86
86 87
87 88
88 89
89 90
90 91
91 92
92 93
93 94
94 95
95 96
96 97
97 98
98 99
99 100
