# 顶点数据 (位置 + 颜色)
-1 1 0  0.875179 0.137783 0.724717
-0.9702 0.955152 0  0.316144 0.436903 0.0297476
-0.9408 0.911705 0  0.968285 0.960265 0.174495
-0.9118 0.869638 0  0.729404 0.0925345 0.227298
-0.8832 0.828928 0  0.20075 0.999011 0.383342
-0.855 0.789555 0  0.835113 0.737312 0.00995501
-0.8272 0.751499 0  0.313914 0.957078 0.611504
-0.7998 0.714736 0  0.55114 0.00509472 0.626976
-0.7728 0.679246 0  0.57865 0.377231 0.122852
-0.7462 0.645008 0  0.774096 0.234554 0.148418
-0.72 0.612 0  0.460254 0.495869 0.0766963
-0.6942 0.580201 0  0.0344634 0.226012 0.587707
-0.6688 0.549589 0  0.584022 0.660544 0.766247
-0.6438 0.520144 0  0.315794 0.546645 0.454249
-0.6192 0.491844 0  0.55751 0.0739272 0.494575
-0.595 0.464667 0  0.323467 0.514613 0.100683
-0.5712 0.438592 0  0.177678 0.235747 0.200288
-0.5478 0.413598 0  0.243416 0.0914174 0.451846
-0.5248 0.389664 0  0.178532 0.586671 0.175508
-0.5022 0.366768 0  0.765328 0.868271 0.0227011
-0.48 0.344889 0  0.537012 0.558772 0.288835
-0.4582 0.324005 0  0.450744 0.64792 0.592617
-0.4368 0.304096 0  0.120067 0.968221 0.888741
-0.4158 0.285139 0  0.0728443 0.293532 0.385673
-0.3952 0.267115 0  0.99929 0.0606311 0.0265162
-0.375 0.25 0  0.657227 0.00559669 0.0635434
-0.3552 0.233774 0  0.973522 0.979582 0.829611
-0.3358 0.218416 0  0.274708 0.0117625 0.692225
-0.3168 0.203904 0  0.222503 0.60458 0.173655
-0.2982 0.190217 0  0.618429 0.934361 0.808959
-0.28 0.177333 0  0.178291 0.538888 0.0945561
-0.2622 0.165232 0  0.203899 0.93734 0.873046
-0.2448 0.153892 0  0.283761 0.177356 0.815
-0.2278 0.143291 0  0.708238 0.351525 0.0851438
-0.2112 0.133408 0  0.0112663 0.353142 0.262321
-0.195 0.124222 0  0.822123 0.412939 0.266527
-0.1792 0.115712 0  0.512778 0.252892 0.354956
-0.1638 0.107856 0  0.746209 0.532309 0.521811
-0.1488 0.100633 0  0.0793215 0.156144 0.319701
-0.1342 0.0940213 0  0.217138 0.432299 0.65686
-0.12 0.088 0  0.849437 0.491692 0.871926
-0.1062 0.0825476 0  0.455012 0.382801 0.730415
-0.0928001 0.0776427 0  0.0930051 0.136854 0.104043
-0.0798 0.073264 0  0.650176 0.507518 0.855491
-0.0672 0.0693902 0  0.240832 0.663395 0.683858
-0.055 0.066 0  0.604412 0.358236 0.872211
-0.0432 0.063072 0  0.253781 0.303752 0.156141
-0.0318 0.0605849 0  0.255994 0.499542 0.804977
-0.0208 0.0585173 0  0.244786 0.124125 0.163916
-0.0102 0.056848 0  0.92875 0.496216 0.910057
1.22236e-08 0.0555556 0  0.330243 0.386094 0.0875853
0.0098 0.0546187 0  0.0461256 0.233196 0.329809
0.0192 0.054016 0  0.0959175 0.0848456 0.000159485
0.0282 0.0537262 0  0.680461 0.508599 0.0224039
0.0368 0.053728 0  0.542333 0.983909 0.550685
0.045 0.054 0  0.357652 0.0557449 0.905331
0.0528 0.0545209 0  0.904624 0.0100216 0.432686
0.0602 0.0552693 0  0.152355 0.636707 0.128848
0.0672 0.056224 0  0.548916 0.623702 0.559494
0.0738 0.0573636 0  0.409643 0.86477 0.188878
0.08 0.0586667 0  0.473029 0.199389 0.125516
0.0858 0.060112 0  0.544497 0.363964 0.1474
0.0912 0.0616782 0  0.359317 0.0357272 0.467882
0.0962 0.063344 0  0.691555 0.96881 0.788253
0.1008 0.065088 0  0.168764 0.420734 0.268342
0.105 0.0668889 0  0.0157544 0.783744 0.385209
0.1088 0.0687253 0  0.206675 0.594968 0.630076
0.1122 0.070576 0  0.683322 0.593279 0.248186
0.1152 0.0724196 0  0.260737 0.206237 0.229173
0.1178 0.0742347 0  0.709227 0.978733 0.56297
0.12 0.076 0  0.829928 0.603565 0.118642
0.1218 0.0776942 0  0.0220276 0.217578 0.825025
0.1232 0.079296 0  0.199238 0.59194 0.737106
0.1242 0.080784 0  0.542247 0.550744 0.35092
0.1248 0.0821369 0  0.911052 0.0435871 0.568816
0.125 0.0833333 0  0.0984233 0.1999 0.725733
0.1248 0.084352 0  0.394519 0.673602 0.228418
0.1242 0.0851716 0  0.0228625 0.249522 0.714614
0.1232 0.0857707 0  0.515033 0.165366 0.313666
0.1218 0.086128 0  0.78117 0.125422 0.974981
0.12 0.0862222 0  0.512854 0.544877 0.74456
0.1178 0.086032 0  0.828402 0.954737 0.27013
0.1152 0.085536 0  0.0807597 0.328434 0.986026
0.1122 0.0847129 0  0.14711 0.470254 0.563314
0.1088 0.0835413 0  0.623555 0.0819938 0.0705037
0.105 0.082 0  0.955187 0.820417 0.741888
0.1008 0.0800676 0  0.917283 0.775896 0.487455
0.0962 0.0777227 0  0.652325 0.633647 0.708671
0.0912 0.074944 0  0.627818 0.739847 0.613391
0.0858 0.0717102 0  0.260543 0.954451 0.46204
0.08 0.068 0  0.498303 0.97677 0.57073
0.0738 0.063792 0  0.258642 0.98893 0.938566
0.0672 0.0590649 0  0.47907 0.73155 0.163347
0.0602 0.0537973 0  0.371391 0.969319 0.336331
0.0528 0.047968 0  0.714041 0.887715 0.82218
0.045 0.0415556 0  0.383965 0.291439 0.220708
0.0368 0.0345387 0  0.43341 0.318869 0.231416
0.0282 0.026896 0  0.404888 0.946098 0.06369
0.0192 0.0186062 0  0.438437 0.805957 0.725836
0.00979999 0.00964799 0  0.133757 0.0531855 0.887959
0 0 0  0.92438 0.0471575 0.576673

# 索引数据
0 1
1 2
2 3
3 4
4 5
5 6
6 7
7 8
8 9
9 10
10 11
11 12
12 13
13 14
14 15
15 16
16 17
17 18
18 19
19 20
20 21
21 22
22 23
23 24
24 25
25 26
26 27
27 28
28 29
29 30
30 31
31 32
32 33
33 34
34 35
35 36
36 37
37 38
38 39
39 40
40 41
41 42
42 43
43 44
44 45
45 46
46 47
47 48
48 49
49 50
50 51
51 52
52 53
53 54
54 55
55 56
56 57
57 58
58 59
59 60
60 61
61 62
62 63
63 64
64 65
65 66
66 67
67 68
68 69
69 70
70 71
71 72
72 73
73 74
74 75
75 76
76 77
77 78
78 79
79 80
80 81
81 82
82 83
83 84
84 85
85 86
86 87
87 88
88 89
89 90
90 91
91 92
92 93
93 94
94 95
95 96
96 97
97 98
98 99
99 100
